list(V = structure(c(0.00062045365043885792, 2.6442445678330336e-05, 
1.9921799838296911e-05, 2.6442445678330336e-05, 0.00015467561475170875, 
2.3348231373037805e-05, 1.9921799838296911e-05, 2.3348231373037805e-05, 
0.00017497610558752183), dim = c(3L, 3L)), S = structure(c(0.0043553589924264736, 
0.039686822413969841, 0.039686822413969841, 0.035025898157485143
), dim = c(2L, 2L), dimnames = list(NULL, c("AD", "MD"))), I = structure(c(1.0395818165285218, 
0.0042593578390967652, 0.0042593578390967652, 1.0008726378362229
), dim = c(2L, 2L)), N = structure(c(39663.990304281295, 51792.800117988016, 
67620.910779119818), dim = c(1L, 3L)), m = 9595304)
