list(V = structure(c(0.00052505248296903133, -4.4884223364894004e-05, 
0.00011315414051138673, -4.4884223364894004e-05, 0.00038716591754230122, 
-2.1932976134913635e-05, 0.00011315414051138673, -2.1932976134913635e-05, 
0.0010395012647063846), dim = c(3L, 3L)), S = structure(c(0.022654160268453103, 
0.00048710107884717909, 0.00048710107884717909, 0.043072759840329211
), dim = c(2L, 2L), dimnames = list(NULL, c("AD", "MD"))), I = structure(c(1.0301884795305716, 
0.0042255481655532083, 0.0042255481655532083, 0.99319525143078502
), dim = c(2L, 2L)), N = structure(c(25595.298897585606, 19324.570381362311, 
14588.943045448244), dim = c(1L, 3L)), m = 7280807)
