list(V = structure(c(0.00040903234290368113, 0.00013761615320479113, 
-4.0136904041036276e-05, 5.3039067821848349e-05, 4.9422375452971937e-05, 
-0.0004293153478778539, 0.00013761615320479113, 0.0001397661980632225, 
-5.4961272963353781e-05, 7.3769384196148031e-05, -4.4216016872781208e-06, 
-0.00023709926939917512, -4.0136904041036276e-05, -5.4961272963353781e-05, 
0.0054803260589656837, -0.00010467009064719656, 0.0019620214503383326, 
0.0048976691100829127, 5.3039067821848349e-05, 7.3769384196148031e-05, 
-0.00010467009064719656, 0.00012848072241909182, -7.2156254987129913e-05, 
-0.00026466910426394127, 4.9422375452971937e-05, -4.4216016872781208e-06, 
0.0019620214503383326, -7.2156254987129913e-05, 0.0033099110417559576, 
0.0021123723406028887, -0.0004293153478778539, -0.00023709926939917512, 
0.0048976691100829127, -0.00026466910426394127, 0.0021123723406028887, 
0.30075501746591443), dim = c(6L, 6L)), S = structure(c(0.027835924852064504, 
0.017502159057736402, 0.10148678536578602, 0.017502159057736402, 
0.040759926377587331, 0.052236632912667343, 0.10148678536578602, 
0.052236632912667343, 0.38496989996021996), dim = c(3L, 3L), dimnames = list(
    NULL, c("AD", "MD", "Pain"))), I = structure(c(1.0283816630151152, 
0.46286521679129833, 0.0057713701485713805, 0.46286521679129833, 
0.99421610375614744, 0.0056769050642835042, 0.0057713701485713805, 
0.0056769050642835042, 1.0055323662518085), dim = c(3L, 3L)), 
    N = structure(c(15257.407032191413, 28017.122861300137, 3272.9545761129516, 
    51034.271227982179, 5952.0197227081862, 686.11550742294276
    ), dim = c(1L, 6L)), m = 6463956)
