list(V = structure(c(1.244872338247873e-05, 5.4642020150297549e-06, 
6.2146327107732996e-06, 3.9385309344826015e-06, 4.1584096411013623e-06, 
5.5889941564015374e-06, 5.4642020150297549e-06, 5.7297037847572658e-06, 
3.6249271665417194e-06, 4.4178591759581005e-06, 4.0034685022893229e-06, 
2.8529742493324182e-06, 6.2146327107732996e-06, 3.6249271665417194e-06, 
1.1436221773140984e-05, 3.1828199267409966e-06, 5.6577623017888356e-06, 
9.7630460597244985e-06, 3.9385309344826015e-06, 4.4178591759581005e-06, 
3.1828199267409966e-06, 4.9501531429935782e-06, 3.7036026762027852e-06, 
3.1753300358195329e-06, 4.1584096411013623e-06, 4.0034685022893229e-06, 
5.6577623017888356e-06, 3.7036026762027852e-06, 7.7543498448977147e-06, 
7.6764652096985739e-06, 5.5889941564015374e-06, 2.8529742493324182e-06, 
9.7630460597244985e-06, 3.1753300358195329e-06, 7.6764652096985739e-06, 
3.6774848849591214e-05), dim = c(6L, 6L)), S = structure(c(0.070430021416090602, 
0.058663227866622175, 0.053462117886100106, 0.058663227866622175, 
0.05961690090708948, 0.041306919610939394, 0.053462117886100106, 
0.041306919610939394, 0.068783019158934963), dim = c(3L, 3L), dimnames = list(
    NULL, c("AD", "MD", "Pain"))), I = structure(c(1.1191527599407369, 
0.20542868627047073, 0.074106579857309909, 0.20542868627047073, 
1.1122406973233872, 0.058810353080173086, 0.074106579857309909, 
0.058810353080173086, 1.0072785994667299), dim = c(3L, 3L)), 
    N = structure(c(479944.50092212623, 738477.3265289116, 201713.08529833006, 
    1134573.2103669874, 310258.41237533651, 84683.343126922628
    ), dim = c(1L, 6L)), m = 7009236)
