list(V = structure(c(0.013356706126487421, 5.226741843883481e-05, 
-0.00057490641193072599, 5.226741843883481e-05, 0.0023323454879321513, 
5.7599485284284839e-05, -0.00057490641193072599, 5.7599485284284839e-05, 
0.0012916024426770066), dim = c(3L, 3L)), S = structure(c(0.037373881015021919, 
0.063484875037419786, 0.063484875037419786, 0.0025646959568164833
), dim = c(2L, 2L), dimnames = list(NULL, c("AD", "MD"))), I = structure(c(1.0419651596705208, 
0.025304688188308472, 0.025304688188308472, 1.0037592056909612
), dim = c(2L, 2L)), N = structure(c(5776.9624869591707, 9170.2442303866974, 
14262.136807482946), dim = c(1L, 3L)), m = 7201199)
